Mass/F:Pi/F:SinX/F:Xsec/F:percentError/F
280	150	0.1000	3.8916e-03	2.192	
280	150	0.2000	1.7550e-02	2.192	
280	150	0.2500	2.8314e-02	2.192	
280	150	0.3333	5.0523e-02	2.192	
280	150	0.5000	1.1059e-01	2.192	
280	152	0.1000	3.9738e-03	2.192	
280	152	0.2000	1.8535e-02	2.192	
280	152	0.2500	2.9520e-02	2.192	
280	152	0.3333	5.3447e-02	2.192	
280	152	0.5000	1.1294e-01	2.192	
280	154	0.1000	4.1164e-03	2.192	
280	154	0.2000	1.9120e-02	2.192	
280	154	0.2500	3.0580e-02	2.192	
280	154	0.3333	5.5677e-02	2.192	
280	154	0.5000	1.1680e-01	2.192	
280	156	0.1000	4.2955e-03	2.192	
280	156	0.2000	2.0088e-02	2.192	
280	156	0.2500	3.2280e-02	2.192	
280	156	0.3333	5.7578e-02	2.192	
280	156	0.5000	1.2168e-01	2.192	
280	158	0.1000	4.4198e-03	2.192	
280	158	0.2000	2.0893e-02	2.192	
280	158	0.2500	3.3359e-02	2.192	
280	158	0.3333	6.0064e-02	2.192	
280	158	0.5000	1.2556e-01	2.192	
280	160	0.1000	4.5313e-03	2.192	
280	160	0.2000	2.1587e-02	2.192	
280	160	0.2500	3.5534e-02	2.192	
280	160	0.3333	6.2769e-02	2.192	
280	160	0.5000	1.3040e-01	2.192	
282	150	0.1000	3.7654e-03	2.192	
282	150	0.2000	1.6846e-02	2.192	
282	150	0.2500	2.6797e-02	2.192	
282	150	0.3333	4.7909e-02	2.192	
282	150	0.5000	1.0466e-01	2.192	
282	152	0.1000	3.8751e-03	2.192	
282	152	0.2000	1.7582e-02	2.192	
282	152	0.2500	2.8040e-02	2.192	
282	152	0.3333	5.0194e-02	2.192	
282	152	0.5000	1.0803e-01	2.192	
282	154	0.1000	3.9519e-03	2.192	
282	154	0.2000	1.8043e-02	2.192	
282	154	0.2500	2.9319e-02	2.192	
282	154	0.3333	5.2259e-02	2.192	
282	154	0.5000	1.1320e-01	2.192	
282	156	0.1000	4.0908e-03	2.192	
282	156	0.2000	1.8973e-02	2.192	
282	156	0.2500	3.0434e-02	2.192	
282	156	0.3333	5.4160e-02	2.192	
282	156	0.5000	1.1642e-01	2.192	
282	158	0.1000	4.2060e-03	2.192	
282	158	0.2000	1.9814e-02	2.192	
282	158	0.2500	3.1878e-02	2.192	
282	158	0.3333	5.6189e-02	2.192	
282	158	0.5000	1.2035e-01	2.192	
282	160	0.1000	4.3942e-03	2.192	
282	160	0.2000	2.0746e-02	2.192	
282	160	0.2500	3.3450e-02	2.192	
282	160	0.3333	5.8748e-02	2.192	
282	160	0.5000	1.2448e-01	2.192	
284	150	0.1000	3.6046e-03	2.192	
284	150	0.2000	1.5968e-02	2.192	
284	150	0.2500	2.5535e-02	2.192	
284	150	0.3333	4.6117e-02	2.192	
284	150	0.5000	1.0035e-01	2.192	
284	152	0.1000	3.6814e-03	2.192	
284	152	0.2000	1.6888e-02	2.192	
284	152	0.2500	2.6632e-02	2.192	
284	152	0.3333	4.7836e-02	2.192	
284	152	0.5000	1.0373e-01	2.192	
284	154	0.1000	3.7855e-03	2.192	
284	154	0.2000	1.7498e-02	2.192	
284	154	0.2500	2.7747e-02	2.192	
284	154	0.3333	4.9517e-02	2.192	
284	154	0.5000	1.0863e-01	2.192	
284	156	0.1000	3.9043e-03	2.192	
284	156	0.2000	1.8277e-02	2.192	
284	156	0.2500	2.9136e-02	2.192	
284	156	0.3333	5.1437e-02	2.192	
284	156	0.5000	1.1013e-01	2.192	
284	158	0.1000	4.0798e-03	2.192	
284	158	0.2000	1.8845e-02	2.192	
284	158	0.2500	3.0324e-02	2.192	
284	158	0.3333	5.4069e-02	2.192	
284	158	0.5000	1.1358e-01	2.192	
284	160	0.1000	4.2169e-03	2.192	
284	160	0.2000	1.9449e-02	2.192	
284	160	0.2500	3.1440e-02	2.192	
284	160	0.3333	5.6518e-02	2.192	
284	160	0.5000	1.1923e-01	2.192	
286	150	0.1000	3.4583e-03	2.192	
286	150	0.2000	1.5628e-02	2.192	
286	150	0.2500	2.4841e-02	2.192	
286	150	0.3333	4.4088e-02	2.192	
286	150	0.5000	9.7389e-02	2.192	
286	152	0.1000	3.5772e-03	2.192	
286	152	0.2000	1.6038e-02	2.192	
286	152	0.2500	2.5517e-02	2.192	
286	152	0.3333	4.5606e-02	2.192	
286	152	0.5000	9.9839e-02	2.192	
286	154	0.1000	3.6960e-03	2.192	
286	154	0.2000	1.6466e-02	2.192	
286	154	0.2500	2.6833e-02	2.192	
286	154	0.3333	4.7507e-02	2.192	
286	154	0.5000	1.0221e-01	2.192	
286	156	0.1000	3.7928e-03	2.192	
286	156	0.2000	1.7474e-02	2.192	
286	156	0.2500	2.7711e-02	2.192	
286	156	0.3333	4.9609e-02	2.192	
286	156	0.5000	1.0640e-01	2.192	
286	158	0.1000	3.8861e-03	2.192	
286	158	0.2000	1.7822e-02	2.192	
286	158	0.2500	2.8533e-02	2.192	
286	158	0.3333	5.1692e-02	2.192	
286	158	0.5000	1.0958e-01	2.192	
286	160	0.1000	4.0012e-03	2.192	
286	160	0.2000	1.8754e-02	2.192	
286	160	0.2500	3.0014e-02	2.192	
286	160	0.3333	5.4032e-02	2.192	
286	160	0.5000	1.1260e-01	2.192	
288	150	0.1000	3.3414e-03	2.192	
288	150	0.2000	1.4888e-02	2.192	
288	150	0.2500	2.3653e-02	2.192	
288	150	0.3333	4.2571e-02	2.192	
288	150	0.5000	9.1906e-02	2.192	
288	152	0.1000	3.4346e-03	2.192	
288	152	0.2000	1.5358e-02	2.192	
288	152	0.2500	2.4292e-02	2.192	
288	152	0.3333	4.3887e-02	2.192	
288	152	0.5000	9.5982e-02	2.192	
288	154	0.1000	3.5552e-03	2.192	
288	154	0.2000	1.5987e-02	2.192	
288	154	0.2500	2.5444e-02	2.192	
288	154	0.3333	4.5459e-02	2.192	
288	154	0.5000	9.8760e-02	2.192	
288	156	0.1000	3.6229e-03	2.192	
288	156	0.2000	1.6601e-02	2.192	
288	156	0.2500	2.6358e-02	2.192	
288	156	0.3333	4.7306e-02	2.192	
288	156	0.5000	1.0095e-01	2.192	
288	158	0.1000	3.7453e-03	2.192	
288	158	0.2000	1.7155e-02	2.192	
288	158	0.2500	2.7400e-02	2.192	
288	158	0.3333	4.9206e-02	2.192	
288	158	0.5000	1.0408e-01	2.192	
288	160	0.1000	3.8733e-03	2.192	
288	160	0.2000	1.7718e-02	2.192	
288	160	0.2500	2.8423e-02	2.192	
288	160	0.3333	5.1437e-02	2.192	
288	160	0.5000	1.0759e-01	2.192	
290	150	0.1000	3.2262e-03	2.192	
290	150	0.2000	1.4303e-02	2.192	
290	150	0.2500	2.2538e-02	2.192	
290	150	0.3333	4.0360e-02	2.192	
290	150	0.5000	8.8104e-02	2.192	
290	152	0.1000	3.3103e-03	2.192	
290	152	0.2000	1.4645e-02	2.192	
290	152	0.2500	2.3324e-02	2.192	
290	152	0.3333	4.1858e-02	2.192	
290	152	0.5000	9.0590e-02	2.192	
290	154	0.1000	3.3962e-03	2.192	
290	154	0.2000	1.5075e-02	2.192	
290	154	0.2500	2.4292e-02	2.192	
290	154	0.3333	4.3650e-02	2.192	
290	154	0.5000	9.3880e-02	2.192	
290	156	0.1000	3.4766e-03	2.192	
290	156	0.2000	1.5734e-02	2.192	
290	156	0.2500	2.5005e-02	2.192	
290	156	0.3333	4.4856e-02	2.192	
290	156	0.5000	9.7006e-02	2.192	
290	158	0.1000	3.6028e-03	2.192	
290	158	0.2000	1.6144e-02	2.192	
290	158	0.2500	2.6193e-02	2.192	
290	158	0.3333	4.6172e-02	2.192	
290	158	0.5000	9.9327e-02	2.192	
290	160	0.1000	3.6795e-03	2.192	
290	160	0.2000	1.6848e-02	2.192	
290	160	0.2500	2.7034e-02	2.192	
290	160	0.3333	4.8878e-02	2.192	
290	160	0.5000	1.0256e-01	2.192	
292	150	0.1000	3.1110e-03	2.192	
292	150	0.2000	1.3683e-02	2.192	
292	150	0.2500	2.1587e-02	2.192	
292	150	0.3333	3.8495e-02	2.192	
292	150	0.5000	8.4795e-02	2.192	
292	152	0.1000	3.1513e-03	2.192	
292	152	0.2000	1.4239e-02	2.192	
292	152	0.2500	2.2190e-02	2.192	
292	152	0.3333	4.0195e-02	2.192	
292	152	0.5000	8.6678e-02	2.192	
292	154	0.1000	3.2810e-03	2.192	
292	154	0.2000	1.4625e-02	2.192	
292	154	0.2500	2.3178e-02	2.192	
292	154	0.3333	4.1255e-02	2.192	
292	154	0.5000	9.1229e-02	2.192	
292	156	0.1000	3.3560e-03	2.192	
292	156	0.2000	1.5051e-02	2.192	
292	156	0.2500	2.3927e-02	2.192	
292	156	0.3333	4.3120e-02	2.192	
292	156	0.5000	9.3003e-02	2.192	
292	158	0.1000	3.4254e-03	2.192	
292	158	0.2000	1.5517e-02	2.192	
292	158	0.2500	2.4768e-02	2.192	
292	158	0.3333	4.4198e-02	2.192	
292	158	0.5000	9.5909e-02	2.192	
292	160	0.1000	3.5370e-03	2.192	
292	160	0.2000	1.6197e-02	2.192	
292	160	0.2500	2.5737e-02	2.192	
292	160	0.3333	4.6136e-02	2.192	
292	160	0.5000	9.8779e-02	2.192	
294	150	0.1000	3.0050e-03	2.192	
294	150	0.2000	1.3113e-02	2.192	
294	150	0.2500	2.0893e-02	2.192	
294	150	0.3333	3.7142e-02	2.192	
294	150	0.5000	8.2163e-02	2.192	
294	152	0.1000	3.0836e-03	2.192	
294	152	0.2000	1.3398e-02	2.192	
294	152	0.2500	2.1459e-02	2.192	
294	152	0.3333	3.8349e-02	2.192	
294	152	0.5000	8.4119e-02	2.192	
294	154	0.1000	3.1750e-03	2.192	
294	154	0.2000	1.3846e-02	2.192	
294	154	0.2500	2.2136e-02	2.192	
294	154	0.3333	3.9866e-02	2.192	
294	154	0.5000	8.6971e-02	2.192	
294	156	0.1000	3.2280e-03	2.192	
294	156	0.2000	1.4420e-02	2.192	
294	156	0.2500	2.3013e-02	2.192	
294	156	0.3333	4.1511e-02	2.192	
294	156	0.5000	8.9676e-02	2.192	
294	158	0.1000	3.3103e-03	2.192	
294	158	0.2000	1.4731e-02	2.192	
294	158	0.2500	2.3872e-02	2.192	
294	158	0.3333	4.2535e-02	2.192	
294	158	0.5000	9.1120e-02	2.192	
294	160	0.1000	3.4273e-03	2.192	
294	160	0.2000	1.5394e-02	2.192	
294	160	0.2500	2.4402e-02	2.192	
294	160	0.3333	4.4162e-02	2.192	
294	160	0.5000	9.3478e-02	2.192	
296	150	0.1000	2.9118e-03	2.192	
296	150	0.2000	1.2585e-02	2.192	
296	150	0.2500	1.9942e-02	2.192	
296	150	0.3333	3.5662e-02	2.192	
296	150	0.5000	7.8599e-02	2.192	
296	152	0.1000	2.9740e-03	2.192	
296	152	0.2000	1.2901e-02	2.192	
296	152	0.2500	2.0619e-02	2.192	
296	152	0.3333	3.6832e-02	2.192	
296	152	0.5000	8.1487e-02	2.192	
296	154	0.1000	3.0763e-03	2.192	
296	154	0.2000	1.3351e-02	2.192	
296	154	0.2500	2.1203e-02	2.192	
296	154	0.3333	3.7910e-02	2.192	
296	154	0.5000	8.3242e-02	2.192	
296	156	0.1000	3.1092e-03	2.192	
296	156	0.2000	1.3724e-02	2.192	
296	156	0.2500	2.2063e-02	2.192	
296	156	0.3333	3.9043e-02	2.192	
296	156	0.5000	8.5618e-02	2.192	
296	158	0.1000	3.1897e-03	2.192	
296	158	0.2000	1.4232e-02	2.192	
296	158	0.2500	2.2794e-02	2.192	
296	158	0.3333	4.0341e-02	2.192	
296	158	0.5000	8.7720e-02	2.192	
296	160	0.1000	3.2975e-03	2.192	
296	160	0.2000	1.4899e-02	2.192	
296	160	0.2500	2.3470e-02	2.192	
296	160	0.3333	4.2443e-02	2.192	
296	160	0.5000	9.0096e-02	2.192	
298	150	0.1000	2.8113e-03	2.192	
298	150	0.2000	1.2084e-02	2.192	
298	150	0.2500	1.9193e-02	2.192	
298	150	0.3333	3.4492e-02	2.192	
298	150	0.5000	7.5875e-02	2.192	
298	152	0.1000	2.8515e-03	2.192	
298	152	0.2000	1.2611e-02	2.192	
298	152	0.2500	1.9814e-02	2.192	
298	152	0.3333	3.5552e-02	2.192	
298	152	0.5000	7.8069e-02	2.192	
298	154	0.1000	2.9520e-03	2.192	
298	154	0.2000	1.2852e-02	2.192	
298	154	0.2500	2.0381e-02	2.192	
298	154	0.3333	3.6521e-02	2.192	
298	154	0.5000	8.0573e-02	2.192	
298	156	0.1000	3.0270e-03	2.192	
298	156	0.2000	1.3312e-02	2.192	
298	156	0.2500	2.1039e-02	2.192	
298	156	0.3333	3.7636e-02	2.192	
298	156	0.5000	8.1852e-02	2.192	
298	158	0.1000	3.0654e-03	2.192	
298	158	0.2000	1.3645e-02	2.192	
298	158	0.2500	2.1660e-02	2.192	
298	158	0.3333	3.9062e-02	2.192	
298	158	0.5000	8.4375e-02	2.192	
298	160	0.1000	3.1677e-03	2.192	
298	160	0.2000	1.4250e-02	2.192	
298	160	0.2500	2.2465e-02	2.192	
298	160	0.3333	4.0414e-02	2.192	
298	160	0.5000	0.0000e+00	2.192	
300	150	0.1000	2.6267e-03	2.192	
300	150	0.2000	1.1512e-02	2.192	
300	150	0.2500	1.8264e-02	2.192	
300	150	0.3333	3.2975e-02	2.192	
300	150	0.5000	7.2603e-02	2.192	
300	152	0.1000	2.7802e-03	2.192	
300	152	0.2000	1.1949e-02	2.192	
300	152	0.2500	1.8809e-02	2.192	
300	152	0.3333	3.4218e-02	2.192	
300	152	0.5000	7.4651e-02	2.192	
300	154	0.1000	2.8076e-03	2.192	
300	154	0.2000	1.2214e-02	2.192	
300	154	0.2500	1.9412e-02	2.192	
300	154	0.3333	3.4894e-02	2.192	
300	154	0.5000	7.5583e-02	2.192	
300	156	0.1000	2.9008e-03	2.192	
300	156	0.2000	1.2653e-02	2.192	
300	156	0.2500	2.0326e-02	2.192	
300	156	0.3333	3.5991e-02	2.192	
300	156	0.5000	7.8672e-02	2.192	
300	158	0.1000	2.9813e-03	2.192	
300	158	0.2000	1.2936e-02	2.192	
300	158	0.2500	2.0856e-02	2.192	
300	158	0.3333	3.7344e-02	2.192	
300	158	0.5000	8.1359e-02	2.192	
300	160	0.1000	3.0324e-03	2.192	
300	160	0.2000	1.3331e-02	2.192	
300	160	0.2500	2.1587e-02	2.192	
300	160	0.3333	3.8934e-02	2.192	
300	160	0.5000	8.3260e-02	2.192	
